image: map.png
resolution: 0.1
origin: [5429177.716900000, 457937.6288770000, 0.0]
occupied_thresh: 0.8
free_thresh: 0.2
negate: 1
